1 51
1 40
2 46
1 51
2 46
2 47
2 48
2 44
1 46
2 34
2 44
2 46
1 49
2 46
1 38
1 48
2 40
1 46
2 50
2 51
1 49
1 51
1 49
1 51
2 48
1 45
1 48
2 51
2 47
1 51
2 51
2 49
2 44
1 46
2 46
1 49
2 51
1 47
2 42
1 51
1 45
1 39
2 44
1 45
1 41
2 40
1 48
2 45
2 51
1 48
2 51
2 44
1 44
2 48
1 51
1 38
2 28
1 47
1 48
2 50
2 46
2 45
1 48
1 49
1 42
2 42
1 49
1 49
2 51
2 51
2 49
2 42
1 51
1 44
2 51
2 38
2 51
1 42
2 51
2 49
2 51
1 47
2 47
1 51
2 48
2 42
1 45
2 51
2 48
2 51
1 35
2 41
2 49
2 47
2 47
2 51
2 51
1 49
2 47
1 44
