239cwzBI
755BEvplzQhKlWImFwmBlTziyOYE
612pB
647vOkam
388udJQHywKjbmQZuPGvBg
493oihHaZjSRoQAGqhUET
447nkArZdCCmvYXGVZinOMiZoVXHrpHK
334biTYqNZdFaQxXoHuKsFXzOjKIhS
652Q
893tmiOaSNtFkCyyjXVw
144tsprAq
296aJmRAXqwUBlO
579aLFgYlQKzd
285wenHvyFvmzsEvylqOVvT
045TxWgGQPNaIeftSDddNnEW
771jweYmxWVMdfRtZKIn
818htuUmweRUIJPiwjcDEvRSvqvPg
372OTbaZSbCKsrSXzoA
645wzklYoGPTryszyX
171dXyPxCIybFYVTKFFVVGozCGCTWJf
586tTuP
347JGpofvOYghHxsKiZvlHefLKXkquIDQ
272bNWIiGJXudpdvHP
199BEOvYkuqhtk
807UIXipdVaN
519ewPgMnTOjHUPvGH
366xEbI
970iCmwuZVcUOwMOSTcCt
182k
902KryPGWsRVEGLXiDNrlvjiJJzr
831NjoebLgdDbhvS
089QRPTopwkjpOfd
620SqrVQiP
462YwmZTBtHxfyAisLtEHeZxPTALB
749mCnjMsLNthyftPhLsVyEFvTVDhat
361vNIbVscDXbVMLFaNtyIFKi
837YGUwOrYeGUe
233SBjI
925nnHQKRrTmBruBDjOMpQaC
923ebDiPJSjKLHmnDRBTGky
582bwYSMjnEvoGcYVlrRKBCi
669OL
474vKWYwueVztZohzReRBWekvquCxXcI
649dCQgxjygxb
332hacKpaWXZGneVXmIRqRYJw
703RWaOpljFRF
981FTAPsU
411CmyUUlSOaolAg
714aOTRDOtRqUDAzScHQLEddKYq
766FKMGdfYZnrAFSOMfSErcVJaAYaFl
657cXcTcZqnxJSKgpjRKwBDee
874vmuIKylxBJDhQS
237doATcBCKZkmnRcyTZaxOdWjYtIQyp
052WbFRTldrwTCJuhRANHDFxmctLGgrsn
813cGFrZJvwBUBbb
181Y
429HXpLVkAzBSvjWHx
654xKldBEyUQqXBFIOFRnH
840JOnVCYsGR
599cPmMGPMrHtEnbWURHdHblFo
316gSaEnoDXuKkMIaqLliI
417bcfYu
251NPcMLGbnsggSpRE
410dWmzxeC
879aPMm
491AmHAgAPUO
080FIUxfr
313pVleN
234fErqTkpVNvQVWbGiCjAbOCJkuPoe
765kaNfbBgtsgkgtcslMrfxiuDQcWdU
081LvsPuxnXFBHvXed
164VjrXVKzBKdQt
310nBOFhrfsnThGgh
007jvla
118mXVnqnpnFrUBRFGRMKFUqWu
650SjvmBsdruvpAhXDfZwxdbRfuFybo
335rhBrxPLvLPsATZs
664mluczGazgFR
503GIBspdBz
139r
651ugLZs
761PCpcVagdO
932bRsOvfjx
587ltaIuvtmRlbyjNhtK
833xChWxThcTGLMMzwkHUiyNRMpfHpsk
124XtTdhaTyCEZxmDaYwcfZCg
697KsniBulHWQQBjHXfJ
960oNHJRiAFYSUuUNdfspUmKsPEziGSB
498mwVgFxVsCXoPQhQGTOWNAIV
377mLfK
365qfaOrpHXdVmzKUY
529SUrUBXMKRsdn
638Fzs
338bDLcmWUWKvylFBalA
121wwRrpddjABpiefXgTshukalzoFOzy
074CxUfntyWvw
134uGXsAKtwcvTBnIqUbUcTvMXJMg
408RFHWXXHPTQo
504LtmnoSGcByC
535qTf
000kjiNNlWAjOfAYmndX
238251  6128894
238474  6245682
238714  -557099
238310  -793000
238960  -126584
238462  6521943
238447  -767373
238296  -958716
238491  3952204
234749  -708360
587586  -468827
587361  -966862
587310  3848779
587535  -666574
587408  -381015
587651   263771
587981   198284
927338   -67687
927981  -299984
927612  5735915
927182     5936
927586  6522372
927504  -174103
927417  7117523
712599  -664257
712925  -799429
712519  -677092
712388  -367066
712007  -549985
712970  -825918
712338  -810269
712296  -667968
712408  -498944
297714  7352813
033714   -85194
033074   -46539
033612  2228189
228372  -544856
228408  -423201
184651  -303889
184296  -467201
184761  4832186
184181  -905326
184124  -407763
184491   -39288
184121  3074211
184645  3892288
184234  1684196
184007   924662
109144   -36880
109089  -194670
109361  -225216
109334   382113
109650  -546841
162007  -612950
162285  -793767
162334  -371811
162649  2628185
214579  8676967
214638  -796037
666587  6701204
666874  6707850
666599  5116428
666579  -251536
666771  -949312
886582  -730983
886749  -432634
251765  -999079
998879  7242604
998080  -200791
998429   686704
998332  -242790
627411  -380610
627504  9800611
627879  8594826
627332  -624215
627474  6367282
627818  -503448
715807  5600034
715902  -711998
715285  -122104
715638  -632893
715171  5568229
502529  -967249
502902  1179676
502498  6034214
502347  5554741
502237   -52818
502118  6677973
502313  6918084
071139  6172105
071651  -356655
071714  -592312
071134  6893803
071970  6003630
337714  7721184
337818  6915275
337813  6005416
337372  3453910
337080  5686208
337239  1980309
337045  2956887
357714  2341461
357462   848513
357645   295998
357089  7883090
357045  -265472
357338  -194437
357296  -938705
182587   -34290
182417  -254927
182080  -942311
182714   417215
182361  9142726
182612  4622970
182582  -519717
182052  7739223
392761  6619257
392902  5767631
392771  -175066
392664  2779270
392493  -387077
392388  6105394
392649  -779611
392429  -269647
392587  5811778
392408  3480591
910650  6546347
910664  -252876
912504  -995726
912493  -847238
912902  -639864
912139  -486210
912755  7597670
912818  -108554
912645  1201044
912296  1198155
912649    75827
912429  -252225
826645  6615433
826749  -997348
826651  -384096
826285  -716089
257503  4298555
257089  -644473
257651  -905511
257840  7944818
257251  -177241
257365  -899843
257081  8647789
257749  8645052
257645  -796067
876462  1467418
876310  8325071
876313  5347192
876652  -286519
876118   -36771
986652  -143909
986649  5673636
986335  5718847
986272  1964965
986807  6666466
986493  -992619
986411   -34975
986408  -874742
152649  -537042
152045  -359781
152579   -96251
152493  -975147
152139   -30766
152498  -609749
152134   -49599
152960  -422829
740080  -227502
740410  -645640
740893  -154005
740417  4152258
003981  8798675
355649  7483282
355237  5153657
355498  6365801
355874  5407985
857447  7069439
857199  -488478
857755   770757
857620  2941509
857703   -49387
557408  1090090
557272  -104020
557410  5455643
557813  7389192
557447  8090696
557519    -1428
557118  -532884
557074  -740999
557334  4444407
557620  -745891
605134  -580429
605447  -799134
605052  7469313
605474  7914634
605124  2884599
605657  -689080
605313  -130011
197813  -794012
197837  4960595
197664  5262253
197925  -170410
197493  -285959
197612  4529336
197498  2154227
197335  -735977
786121   -25967
786361  -614403
786366  2091785
786697  4520797
786654  -304196
786081  -333748
786714  -465690
786310  7692365
786766  -271790
632080  7182400
632251  4531848
632818  -476620
632335  4320599
632124    93184
632388  -807272
632649   380336
632970  6969909
632365  -665985
278233  5164552
278335  -176884
278332  8748298
278874  7919685
278654  9282240
278504  6860357
637519  3228997
637807   -49504
637074  2235335
637447  5277304
637893  -119604
256272  3496879
256645  5979784
256647  -427288
618703  7835373
618925  -802592
618338   -98905
618089  -803900
618251  -692970
341089  3117294
341417  6887169
341831  7473150
341237  5799468
341498  6282447
341893  1380694
341874  -305943
999237        3
999874        9
999498       -5
999893       -5
999182        2
554182   712903
554089  -178477
554649   -38210
554144  -920033
554657  -137118
554599  7692372
023493  4767570
023813  3216276
023529  1668450
023649  7945034
023840   437162
023761  -922307
023582  -680529
023703  -635576
023755  1749906
023645   186590
630697  -943364
630139  -728550
630081  8195219
630474  1216965
630121  8923632
630749  -550234
630372   -42727
465372  5121871
465879  7206455
465366  1546156
465657  1142205
465925  -364418
465411  4110304
465645   517506
626703  9902955
626139    46587
626408  3519040
626766  5269598
626164  2685658
391144  -122791
391535  6408225
391651  5954966
391347  1756510
391650  3128960
391647   -81093
391837  -152424
391587  -915589
391652  6607500
391749  -326770
268649  -249363
268582  7785418
268766  1273476
268902  1117662
268498  6590117
268134  -547574
268493  -407302
268347  -748085
268491   512279
268338  -305577
805638  8581372
805429   363176
805519  -418523
805771  9975715
805171  7502784
805199  -424197
805074  -948226
898313  -544957
566491  9466569
566981  -521176
566365  -674406
566234  -672105
566410  3067411
566960  5938748
566089  7795033
566833  -603436
566620  9403970
552491  -668953
552657  4611072
552649  3046541
068960  -738483
068296  -163626
068493  -536871
068316  3989696
528874  -260430
528474  9276648
480118  -923019
480761  1651428
480498  -819405
480411  5813841
480052  -761198
067121  -185568
067272  -188077
067429  3072284
067462  -457207
067647  9939005
067089  -897015
919272  4177298
483134  -776000
483237  -169452
483599  -942806
483612  -221365
483052  -447452
483388   -60620
483335  -892499
483272  7400921
483361  7729409
476491  -927251
476960  -999765
476874  -296800
476649  6552832
476171  7806105
476519  -771876
396074  -968791
551285  -665834
551182  9902864
551251  6710066
551818  2873856
551657  4679394
551007   894657
091417  8067836
091498   -46744
993139  2763278
993447  6703926
993766   -61132
993491   960940
993529  5419886
561771  -115345
561296    -2313
561749  -695733
561766  -701670
561620  4528481
108296  3912461
108840  8403015
108233  -443023
108334  -643890
108417  4019626
052519  -297804
052408  -265868
052081  -771085
052925  -693252
052285    -2337
052447  -819117
052310  9687457
052579  1680043
052638  6434988
052338  1305448
092429  6072335
092503  -115438
201813  -352265
201372  -987667
639199  -680980
639462  1750793
639007  -367198
639586  6094730
639649  3705361
639182  -941829
639766  6138363
639411  -460838
205388  -128284
205697  -319588
205134  -130943
205361  -315665
205417   -42978
678366  -798979
678874  1552800
678272  9811591
678831   730243
678519  3137636
093807   717818
093932  5960348
093118  -571517
093771  -997077
093171  -291168
314181  5859557
314491  7833487
314365  6614258
314620   362473
314237  9547076
314118  9106551
314052   188253
314599  7770632
314766  9531469
314587  -934227
313411  -425130
313377  -246905
313755  -910312
771233  -552418
771139  -252168
771134  -278534
771474  9964134
771761  -686504
771902  7348410
771923  -734583
771239  -554802
771388  2134572
771089  8325517
439765   452498
439932  8788334
439879  9433381
439089  3319768
439361  3443093
944429  -341707
960251  -947517
960118  -486102
960664  5299437
960365  9751931
960638  -117084
960586  8867341
960960  -143044
960833  1355336
646970   753014
646587  1170945
646649   -35233
335310  -147672
885498  -664348
885410  5379166
885199  -210860
885182  2778379
885649  6621082
885080  1680532
885411  -407459
356285  -595414
356182  -437177
356840   -62496
699645  -860716
699638   -77448
699932  1387694
699649  -597297
699813  6149703
699612  -665250
991761  7308393
991417  1018133
991923  5691716
991664  -655104
991118  4308894
991493  8282338
991134  -984911
569586  6276554
569902  6854865
569879  5608933
569755  2828514
622771  -986095
000145 29129548
