000 P X RTN$41
00025 Bb$78
00048 BJU $62
0013 Nk fymlU qy$41
002 RuRlqe  F  dWF K  Ay $96
003 KQS j POi gV $98
0032 E Laxh$63
0039 U QWt Dsa  tF k m $49
004 V xAi  F$38
00414 ENG$32
0046 Z N p   o  Jt$52
0048 BMb  j   bBxPjualJNcYYg$90
00498 ODYHU  J $57
0058 XuOPYs PBIPM F Pd$77
00719 S f xc JL  iOQ d$78
0073 SH  z   c jBlBTTT VWzI$13
008 Q OPjeiB dDn Zt$96
0085 CR gMRbCOYe Lb pP y$17
009 B u  IGSY  R Ce E $65
00941 MW q G TgdmJ Gq$62
006421 W  Nb$19
010 D  j PNll BANIvUMI$61
015762 OV HrSv$46
0219 Fn Tc QR  eF$55
03193 S   yiuYy   JGDP $67
033587 FChRuarxf   tN$51
0360 M   u  BEI vm A T    GMq$66
038 EacrJ nPc K k N$90
03948 Zgn $80
042 Iqio   re tw i wkU pg$50
04206 X    Yi  yD aGuT q i $47
0431 VHr  yZc I f$84
04820 N P G qoi$94
050760 AXL   U  x Yy  jKd TS $93
054174 AyXO  PJGb $93
063 HdKehj $11
07594 OYM TGYd A  qM ix$31
0832 H$50
092041 QKfvSQC$12
094 QE w u DJWhX TU s  $51
000000
0360032132
7
4906672981 5
78437278501
72
00583425214
97
09431117419294
42
3925440
84
674747850 25
422846868232930
31
002014921
16
09751500688012
91
03600092431
34
0096751133
13
014531990099 21
0032891871402 64
0064218323652
85
0832928768 24
837443 27
095282757343493
41
042675411737029 3
042469916 57
8
37
080901759 52
067641 88
03602399
2
04173310
61
17495920557
20
0177 32
003495777
31
092041833040 37
05902648 69
0541747304 62
000481542 63
01576289781
19
063214244
50
8
52
097611 57
004846643 21
003981385 64
06165798331
9
003284331 46
809 82
0005794 36
00854568 97
001332574 32
042064229 5
635293173896040
3
01272694598
26
625834 59
058022874046862 4
0394823040 51
710912241183664 45
296458058229
49
00960191959 2
00770535452 33
00208474 85
00851760222114
76
0147
29
083211967 13
053558991240855
64
960203360 63
6
26
0049813376331 72
033053381
54
0684708731237
51
3523
29
684317575
28
0333662443
47
061665451761
91
09 38
20
52
094707313 74
895
89
04311983
0
4066648491710 86
0394872504
22
3608504398
95
0215 88
0428358830
19
01057090 55
0541747614
52
0041415013 93
0335879448459
88
092836081134 73
8798612 75
00069589982 19
094261872
70
025834062010938 82
07611439377
56
130146
53
036024033
79
0385238923
61
07594974530 17
0392854948 77
958
1
0507607352
27
2 9
011807675923
96
376
72
00481056182596
21
0943888 75
0047660
70
2 98
004988191272 91
0060062938
2
006421843166 18
6782922 58
07 4
85641
22
0095073502331
6
116159996 30
96031206818 90
0310849
79
01667692516868
88
0335877712830
1
0
61
000253798436
16
038547 54
128545061147 90
630890397772795
27
4053360276927 5
0071903192
45
0157625742
71
033587875699 56
0 53
02178010868 20
000484244903838
19
055694495571522 50
7357
78
094240625
17
894 62
03593496962951 89
00098800 97
062217711
89
00317449449
89
094960118 37
033895 50
0103729148
6
021963684 28
0896 26
0541747984478
96
58643447873 15
007331180366
74
009 84
833
89
223491722
93
0431465196
15
614130632 96
55739569954
3
05948089585929
31
07594293763 12
700 27
000485175880 34
4245 67
006075 13
007191532492410
89
0292035033228
55
01064
67
367972 45
267410648187 63
512159840568 27
872070674
68
2722930
16
0103253 94
00037795161 43
279772145977420
53
0394898269 30
8940
31
004986745
90
0267178905085 89
0058039276843 88
0889798800531 54
890515 92
99063054865 53
00586370 25
0832326084 30
0276753252 14
03
54
007
38
9809770947 70
000484240093897 10
06186195
65
655
27
027326825
81
08056786 32
009415794709 86
050760452196
4
05581879916 96
2
80
07715124
30
0335878182151 81
00482674391263
40
0656 57
0058768086
45
00582931270 93
006298 67
69959589039224
3
485
71
001766897967 93
0387211084
8
6492629290
3
#
